0.000122031054480594   4.81048825182769e-05   4.61586733176708e-05   1.33053264699822e-08   7.23148453427737e-08   3.28574808077717e-07

4.81048825182124e-05   0.000116664370405011   4.52486942786022e-05   -5.61707133481611e-08   5.51291142182285e-08   3.77198456945049e-07

4.61586733172383e-05   4.52486942785994e-05   0.000112244585525869   -7.12041172699298e-07   3.13220429211881e-07   3.8260185764099e-08

1.33053264910839e-08   -5.6170713318876e-08   -7.12041172700945e-07   3.37651172047638e-05   1.1017931122017e-07   2.06819099985898e-08

7.23148452834956e-08   5.51291143067613e-08   3.13220429209474e-07   1.10179311207722e-07   3.45118650645129e-05   5.48654442654517e-08

3.28574807728522e-07   3.77198457269344e-07   3.82601857937463e-08   2.06819099041793e-08   5.48654442327023e-08   3.62907816614346e-05

